$ANSIBLE_VAULT;1.1;AES256
35646666353362333437376462666238366338376633306339326635373866663161383262613832
3035396630636139346634326165303035636134366432340a343831353839303931353065616439
37366530383531623934346636343963393964373635613630353133636431333833663930643136
3635386463653738650a643031373733326465646164343561376536396561396662366662303638
37386134393232336530356366633466333466353966303333363866323866333531316165636166
61393932613563656530626531663831303633383764303331333439303033646663623163663134
66306462393663653963656463303231636339633565633831383231356263666536383962343030
33326434626432363264393366656130346538643066396137623831343738646637336535613333
34646130633837333733616361663134333961626334326432623437313937646336373431326562
30636437356135643939663034316136323139363838653263613361393631373966343362333738
63336164333137356461643565613234393932303331613561343563616163306562333761633062
62613464653662626562393164313439623538303364613464363065613663643438633832656364
64303865646539306338376434656534313534636635616266386464663433353661363938386131
33343336623562383330633031656538333463393162316339343762323630653663376637383864
33343132386266663530636437623734353461653638623536316436363863303239306138636136
34353232656130303565663733643531396535343736363134383030346439333365353730336534
35303236623265316438633863336661633136313534326265393863323866383531396633633334
38653536323832393531336533386330396135626132636561313132316666383431373331313138
30313133396334363436366434663561333734363433653533343862333439663536363032343962
35636264393636363362353437313939383262396461393662343837613465666264373262383335
62643264393130663861666165666134616634313963336265393931616231386661333332396330
33623139393238373234636365653461356266626434323461363836383363333433373131373866
34626137626135356330373866666634303437656438643334313431343932393438333334383631
32636334323739666434353034623734343732336436303832383534623833356566663263626335
63623666633466613065323361303462633839653863616463313364393133663031313062633838
66613834313133393336626339346366646330636463363939313864306139306130616336333834
31393637356433313231623034316631393834346636643437323134646635383564663635326630
34303563373032623535613839613363646435383765306262303864653166393063636537333138
33653832636333333539313230393662396337313737323763353839363962626437616238396435
63613862663364366566623266323834303833626266633837656665396361323165356435316537
30313337636636363235376237343435363433633530643831343066656630356331333365313265
32303339663364393737373634663237316337623533386539366635306632373065343630636461
35646662646135303939313164363631366138613439326166343239636364383663376562626235
32663338346561343437666362646664333337303938383238326631663238353464313061393230
36363461643562656339386337313438313432346338366433643334653033623839393937653830
61366364653035393133313333623232623833636263386532326238636336306338383336303833
32333161316237333864303062333563663832316338366136343435343734333462653464373630
30386363613232656261343431633631663631333834646435323764636431376635623864313037
39663365356161353139366130643432623962336238663833663736643733656336343630363865
30646663383633656634383439376438636533346461636361636138333665313564383161663863
65663235613732353238336334383862313832316632373266383730333933663539346339396531
62393166373638323062356237633136323033653433626662653838633164616230396536626131
35663132383431373235393530346534363433333333376366373735656235626638616632623735
30366530623863656333633763643639616661623735326661323363373534373963363030613864
62633933616438613735373761333866373166313038373161303430373366336463303836353232
33323932396161643462386164346331376331663432313634326664613232306362646166313864
61653361353433363535346463663165653564363339376163373464363839663162653739356563
35643837643266666665356230633063303333376134326335303962353037663161363439653730
32386561326561326238633635643338623361346430643038326135623236373930303436366139
39663965326138383535386133313135323530616561636435336138323532643036373066383533
32383766633533363834666232373033306263643331316232613530356633316465343634613239
61353666666165613835343531393133393066386362643235666433656136333766663864386230
38376664386663303764383632326462666538353133333632383832663037313664353539666238
61306132393831323430353031353231323061313365616333373631396666343837313935663330
39636165626635386437323638306634363132643936383436393830323162393963343537643235
31633461333865613462396333653663343232666532376634393065326638303835653632666362
64346434383432363134333735376634653564366364666161323734626533386530366365306164
62393536323638363039316538626131393635643361663635356637623361623839306661303830
31623939383930623563306162346130353965343563373263653736306133346263363130346435
35643932386166646564363564643131313539346166393435626635366234636434336135363763
63633639646532316230353663373338316164306161326439353262643263613137636162646132
66353461346335633133313832333438313831623238323930643163396235306433383165346534
36383439653966353661333732613763666532356138643562636564656636323238386238623562
63353466613735666632356636383239366362376361333732613534646264333137616338636330
62306535656633373762366336623761613361613630306266643330353838613535323134623565
33653362333335303463643930643335653265633233626363393766333636633063333064346164
62316536396437343061336337643133643530393434646636363030366364656632343963633532
36333232333035633730396136393133333333653737616564373731663733373431316265666334
62383834363739343066636432613438323637373337643334333735323731653332396162363535
34363566643736373238643762343865623737336463643539383635396539633866656532616662
33626664306437663335616632653338666538643331666662663964616462323739663230336533
61383965343935343336623462633266356662346235373539616539613834616536633934656239
61363338663434653561343235633164663934343039383836643531383532636636383766656231
62336339366666656332323739616162353836666565643531623232396630666265616338313532
36346362323066343561303062646139396264373062653031646164373538666132343066363935
65333234373036343333363332306564373534343662613330326639346333356561386166313138
34666131626234616538636265646533346561356536336537316635386231343636393663333836
30313561663764643737333661396538333262373337373064666535336331666332333530666166
64626166343134656332653261646465346363653730626534653938396362333034383362656235
39383634336264346361666563626433623131313331303131303763616330626531383432363131
36626564626430363639646563373933336133623036383534303762356366363666333334386462
37326131643166306631346336376264393061313133393031353131376265626333623535393138
39663532363332376231613464376238346566356230313636343030653533323166373436646563
35623733613032373832393333373762623364663936333537393936303131396434666165333232
64386131626433326434353433636238653161383334373561326535363766643739633065303765
63333839393831643631303564363637386262333636646234353830633765613161663861633034
30353438663966356263633639356261646138616266613337613430613736326163336632333336
31633336303165623864353731643930323563373231363364363435663761623931386332646161
36343539396630633839326366363530616431356133306236373630393832663234616663336261
32353238333635326563643137633362353934366338363539626533613335366265336163323231
38356638616338313537343936623235326462613337643132633133366430646331623138323261
37313864623864376562306136306438616135333661366366636463333030323336323364353432
63336263643530623262316337333330313130633338633631303538323331626638383430666466
30336537306362663430366438656632396562373438303765643330313064343563383062623765
32313734383963363333376464376630646337616666323230313737663932656562303564323761
33613630666336333666346466326365366439386536656265333432356562623138613365383833
64633538663162646633376130653035336561613562366234356634326463643334353734313839
36663333626636333566636633623237336331353365653661616336323035336362323938663239
61383436393539633665633331303937646362303861656239633334613733366564623232326433
64316631323539613066373165313632363034643065646463613738343261643230373630356632
64623633646236333161356433386362353565636439613132643166643230356465313532373336
38343134333032646461623164313366316232333534346466623365396433373761666437333637
38383537373166346265633835363132323234373164663535646234336535313639313334376534
33343134343166313735663964346537313764316635356533356439643836316633613731656366
62326638326634656431666635663065313066666532316665356536633465393062313130663633
31366235386437303537613832663231396637356336326332643532363332653635356365373037
37393132656538356135396466633736313932326561363539623362376564326336386437356261
39653235373061633331626361366136353334323461353038663666343662343135383861386162
66386138366436336134333536616165383634316164613138633961616536626132623164393133
61373038326261616133386564323565646239373866306139333439623238336566363930343335
63376533343062396662353430663534316161633339396139353062306364386564343639643639
37393737376533323835316462303065613230656137616262313663643261396163376461633234
31636364323636636666643665333336303339663364663636633833636266616333303135646135
37666566333634626262373435393566326532626339326639313034623934343635383430356165
30373437396238656463633539393139663036623562373437373339313033356536616331373437
37613339306138343763643233643436323732656436366364316461383536336537316238393131
30356537396238636565346263613933626139326166666332633335643361313336383561663163
63383237353061326261643461353633353236313330343338303334626533373163363463313866
61623732386363396364336265653539373331666464383064393032646639346364313161653038
33663733663134646365366364373561373735653935373635366236323835333264353930313839
31323533393164623937653137356266643962633462366237613430646137616161633766393339
39393531353333623932613834326465323737343462316232643934663130643630646432643165
36376236313664623737623762346130643030333162336366663233316638383435646438303838
39376136633434663936656362383630343666623461306262663737623531343638336637333465
62366637623964373031386636356134623863626665353338393133646263626431326561313962
39633561353333306339346236613231303730326338393437663033653334336430356264326465
63663136373430343133393364623563323931353361663232303036323262326335376664393834
31643736333838383038613037343731313266623566313464613735626636383964323935373535
62643933613833353761393763653834313534646461626466396362646666303532633334383262
30343438306536633333653434316238386532313737353739613863313231343863613161376232
30653861343234373939323539343833616134323164656639363465643230373466623631313737
38386162383637326137366263373866373862353962303238666338353537353331376136353266
35386632323839613533306536653234303964353162653235656336323838306239633338633065
61373361666164373263393165353339623537343061383462353039663563343863626131633131
39336261393963336136313032326435316439643333366166643863373863623265356530323336
31353266393739646265353633653064656135353064643430326138633432616530343738636663
39393830646432363362373034626131393966336238663730623334646631646465393639333661
65396433633534626464656434623632363430333030336431626164343930346235396165643665
65313363366361326465656634613066616666666136633437306333303439333230343462656539
31623435333064366533623035396330383239346432313736353738616137373138333465633239
62313565366430316461643466363534373539613266356133636539346339306562663232363534
64343535383636613430306663333036383738323836303561343639353439343832343236353035
65356532386266613235383035373261393030396137366161646133653263396336393038393966
63306466626237386635303932316133663136343236623166643761393239643736393865646565
35363033323664383236386132353236633935306637383136326161376333356264306362663762
34666566366438623064656331336166656337646364343963383232653861636663373330353065
66646662663839313966316165393239383265303166313330353937313065623432343664323131
30373135636161313938353462373033656463383434303730373433306664643832626433663431
34383336343066626337643232613833623933643732666532653739613438376437323534383963
38613338366637633333323161666233313636313734323764646465306266636637643464383062
36663837626532366333343432363963323035646339303230363762306165666635316661386134
30343562343638656335626430633161343531343163646135393332613565383039346430653039
36656138646262653662623835363362333062356364646336643561376233373762326630353331
36376136326663343434373433663530333130303438343637616336363231316532353266376131
66333436353966303036633831333066393861376131636536643030646661386131666637373435
34363439613165383730616230306465343036623966393139333039623066623666323061396565
61653762383564316166366332323665326139343539333330656666363466613433353262646239
38343164656136656536623965366631343761343835386635646162646331333163333134353932
36353961393764623532646661356336396164313736336232363932346265326135313633386664
34366366643832343736613266393362353562353134333236393263633030356666636666363932
61633863326634316231623830663366653162313535353736333031373435316463393735623034
33346131366632313935393937326362316138616162396139396131326235333734663231626436
31303764666232666139343631323466313861363364353366383732303134326431393837643733
39333330653430343836383062343838346163373736313934626339366562373166643337616336
66383437653034633836343432396266333265633138323838393533313630616662343732313134
64666262343362353134313334346462353930333764363138613765366634313861326432383337
63346664613162353735303839393162663238396239373437383362343934366539313634313835
37633737393131653833666637336464333834376365343739316664343736386634323766303236
61356365316231653162313062633262626538323731383539323734376538633463306231646266
66656633356565333963333133633130346263303334613635336235383761356363383536633062
34623834343239656238346261623530323535393139376634333561316430373162326239353861
31643462643335386336633230656535663835383235383263343036326166656636363533313630
61323366353466363532373166353366386362313136373039613063363837373063373439396631
62336464323636366465623530653138323465666538393565316466303530613432323064303166
31643134386138353030363266353539326561643035333534313464656262353165613334346531
35643234336430396233386630626430353730386133306662616538353631306361303063333034
37303262346232356465316533363930643231663163663431323431343766613736623239306137
65623562656534323263303039633561316264663861653735383266306137303832323831333665
65356138366330303834356435386439343562396531346262613433656462343933313632393632
33346666396431393533613462306333303330346135613364653436303734376630343630343532
30313066376635363236373339396566626362383865393237396166376562376563643932346136
34363731626465663564653234333134343933663437386666316333653461386631633037316639
33613765396230386436623839386466316266363835653430366561666330373436326631366161
34363534393537393531316138663366343065306134616365306230626237663166326436376334
32326631613465346238386639663031383563333635646363663038333265376666653361666664
33343332353861353631363638643139393737353137376337373331383862343730373133666431
64626661643730666461306333346636616134383565373861613464623033643130366130653263
37646630396639643139643934393235396136373438343863386330313137316239303035336266
37303063336437353133623236393938616530303432393234383639616463313836373737623632
36323063363861313564383661343564383438656330316361383961656337653066326337353431
36386534626531336264306663386139636262306266666534633031303264306562663861393266
35656565386264616634636665613139313638386662356133653132346134666362656261323462
35316632373931363234643066356134383433366666316531343136343935633239663863356135
32336366663833363733616263303839333165306238353461343235656166643031626165666631
33323834396335393966373132613366656565376439356262646633373763303738616234613833
32393335313939373432303365383939326534666539633939343836316535613862643235626564
61363031633063356634336531323632616364303235663663323734393735656539363036336362
37343237336234666333343239333639396239656665336366626133393839313562323235663330
38343864626464373363393063303939643661326132316638643236616663373838393532653036
63383931366463316238386339613031376236653861396236656566643538613836313633353837
38313539323131353032303333353339316361353664626533636263356465663439363666636238
61663233303632323161633163333766316364303166356564366632373362383965613639666434
65356131666262313338613932366438623039626636363234633631376231643265323062356334
30633236643831653838643165636664333939646138386366393035323336376466616263636232
38393661323431356638626230663230623562353131653834666464613333646466653933656166
61653365653636666434333636653837643530623364376662383538363538343031303166353363
30666531393732623766663264346664643930336162343462316365303834663035326465613936
65393763343565646161663532396637366466636665323165303234303163616162613333646435
31333036313333663361333365373530633333313161366134653362383133613365326166326139
36623430383561663937343134343565616635653335306364313231386236303234636536346339
63376239356238316661303238366364396638363864623839343361363566643463326236313334
62316231366163336331373564306136623337323930636535666633356266633266623164623835
65346234366434326438313738343536333566363433323232306330343566353566393262303431
34656162303363626339336234613636653261626135393361343630306362626362313963353537
61636539363534623634663738326466623631336334346539393132663862623462613866356235
63613364626163653832353965376330656231333861343364643432666430343061613365353065
31376538383438343633376566376466313536323137666135353961326138383365323134646231
37643662653735653137333034623663396336646433656134316265316166363735366266643562
66653635643262613362613736356639663766343063633965373465346564333931353830656334
66373862643632366336623261313033633637363764383934356462613336313234316561383162
34386164316661316662643661383535613536633237613164613961353534376461623834623231
61346133663663393433646335656262383430316239383734653965363534613964346465346339
61653966653235663265346235663335323565396135653033306338333331373632373032383063
65353335376134316535626636303961383663346166343564313365376338356633376134333035
37373335626134346332613930376633353230383361353231323762333431653731
